365.385431 479.679742 428.731100 335.751788
299.293602 441.119948 377.029658 293.087497
248.342229 280.695444 349.132003 133.737102
299.181473 191.461558 235.671359 169.517291
400.406725 311.640604 317.758076 479.682285
298.082974 135.286348 277.873498 87.875640
362.415698 233.123152 277.105962 378.674255
225.134676 134.730300 310.992861 168.818804
37.557498 -0.163960 298.325075 135.761550
225.154019 142.102543 1.323780 38.525941
37.897706 154.061714 266.783326 236.183723
13.228729 91.272254 288.128950 206.016595
185.427873 -0.483303 280.233511 58.103956
175.662062 362.529017 90.734992 480.286135
195.381637 332.841456 89.564449 311.904034
193.804830 42.241160 255.330259 74.211104
